90332006
108986009
90332006
25673006
25673006
108418007
108418007
6247001
108418007
108418007
90332006
108418007
90332006
7947003
90332006
30125007
108600003
108979001
90332006
90332006
30125007
90332006
322440003>Not Found
108600003
108984007
96304005
73572009
90332006
85354008
7947003
108984007
108666007
79129001
322237000>Not Found
40648001
79129001
73572009
323539009>Not Found
7947003
90332006
56549003
85990009
79129001
319668008>Not Found
108418007
108600003
322440003>Not Found
90332006
85354008
108979001
108984007
323539009>Not Found
30125007
323539009>Not Found
25673006
333928006>Not Found
108418007
350469004
90332006
108984007
73572009
322093006>Not Found
26574002
90332006
90332006
73572009
73572009
320139002>Not Found
73572009
7947003
73572009
73572009
90332006
90332006
320031002>Not Found
No VTM
73572009
319799004>Not Found
322539003>Not Found
73572009
322077002>Not Found
90332006
73572009
108547003
96304005
73572009
108666007
85354008
350469004
90332006
7947003
322539003>Not Found
108986009
108418007
108418007
38268001
6247001
10504007
7947003
40648001
40648001
40648001
40648001
40648001
703906002
108418007
90332006
90332006
7947003
108984007
108537001
108547003
108537001
90332006
7947003
25673006
108984007
320139002>Not Found
39463011000001107
90332006
25673006
30125007
108666007
108600003
320139002>Not Found
90332006
96316004
90332006
91143003
108418007
108600003
38268001
10504007
108418007
30125007
90332006
108984007
30125007
73572009
27658006
108986009
346628003
703906002
71759000
90332006
73572009
40648001
108600003
36409011000001100
346628003
30306003
6247001
320031002>Not Found
73572009
73572009
10504007
108418007
73572009
108547003
73572009
90332006
7947003
111137007
320030001>Not Found
27658006
71759000
No VTM
404833002
25673006
6247001
38268001
10504007
319283006>Not Found
73572009
108666007
81609008
73572009
85354008
30125007
108547003
418277004
37400007
81609008
108537001
7947003
108418007
322440003>Not Found
108979001
322440003>Not Found
326524001>Not Found
7947003
90332006
108418007
320139002>Not Found
73572009
319799004>Not Found
25673006
108979001
108547003
90332006
418277004
108430001
10504007
1222004
No VTM
73572009
108979001
108547003
703906002
25673006
10504007
89018006
323539009>Not Found
90332006
418142007
96316004
108418007
319799004>Not Found
81609008
412556009
52388000
109035006
322539003>Not Found
108547003
57752001
73572009
108559004
108418007
90332006
108430001
No VTM
90332006
108600003
6247001
322440003>Not Found
73572009
108537001
418528006
83999008
322440003>Not Found
322065007>Not Found
39463011000001107
90332006
12913411000001108
25673006
No VTM
81609008
6247001
7947003
90332006
108430001
108564000
322539003>Not Found
40648001
108537001
319667003>Not Found
39463011000001107
52108005
27658006
320030001>Not Found
356479009>Not Found
703906002
108537001
83999008
703906002
30125007
320029006>Not Found
108418007
321174005
320139002>Not Found
81609008
1222004
73572009
91143003
108537001
108564000
418277004
321959007>Not Found
319799004>Not Found
321960002>Not Found
319283006>Not Found
38268001
7947003
90332006
81609008
30125007
418277004
108547003
108666007
10504007
56549003
703906002
32792001
13297301000001101
96067005
85354008
6247001
52388000
85354008
30306003
322539003>Not Found
40589005
134599008>Not Found
108418007
73572009
73572009
10504007
90332006
39463011000001107
25673006
73986003
323510009>Not Found
25673006
81609008
703906002
108418007
30306003
73572009
71759000
81609008
52388000
83999008
108984007
108547003
90332006
25673006
73572009
38268001
322237000>Not Found
108547003
108418007
108547003
No VTM
108564000
108547003
52388000
No VTM
374296008>Not Found
57752001
374295007>Not Found
418528006
108600003
96304005
321958004
38268001
320139002>Not Found
324605007>Not Found
73572009
52388000
374296008>Not Found
30125007
320139002>Not Found
1222004
81609008
81609008
81609008
323510009>Not Found
25673006
108979001
83999008
96304005
85990009
96304005
39463011000001107
319799004>Not Found
No VTM
85354008
321986007
96304005
108547003
322440003>Not Found
96304005
346628003
38268001
73986003
6247001
96304005
71759000
322065007>Not Found
108600003
320031002>Not Found
10504007
108547003
418277004
11847009
134489001>Not Found
374294006>Not Found
73572009
25246002
73572009
108537001
52388000
No VTM
108564000
108418007
No VTM
418277004
108418007
86647004
27658006
83999008
6247001
40648001
No VTM
108655000
374296008>Not Found
108559004
796001
10504007
442539005
108430001
70379000
108418007
81609008
52388000
6247001
52388000
704464003
322440003>Not Found
85354008
108547003
326524001>Not Found
13297301000001101
108600003
71759000
108547003
108943009
703906002
418142007
13298001000001103
1222004
30125007
108943009
134489001>Not Found
27658006
108943009
108559004
No VTM
319283006>Not Found
90332006
321959007>Not Found
319799004>Not Found
38268001
323539009>Not Found
111137007
374295007>Not Found
412556009
12096000
36409611000001107
329526003>Not Found
38268001
52388000
25673006
320177008>Not Found
25246002
25673006
91143003
40648001
81609008
90332006
108986009
57811004
442539005
52388000
320139002>Not Found
442539005
109035006
40648001
319284000>Not Found
108547003
52108005
109081006
53640004
333928006>Not Found
703906002
108564000
73572009
90332006
703906002
108564000
346628003
418142007
326524001>Not Found
73572009
108984007
108600003
108547003
374294006>Not Found
108600003
19225000
48174005
89018006
324568001>Not Found
108564000
108418007
323465006>Not Found
91135008
30306003
108537001
84812008
13929005
108402001
108430001
27658006
73572009
703906002
412556009
108537001
90332006
81609008
322147006>Not Found
30306003
319799004>Not Found
418277004
No VTM
350469004
321958004
322440003>Not Found
16602005
703906002
71759000
1222004
374295007>Not Found
322065007>Not Found
111137007
52388000
1222004
6247001
108943009
6247001
73572009
109081006
12913411000001108
703906002
90332006
73572009
39463011000001107
418277004
52108005
52388000
108984007
108418007
321174005
319799004>Not Found
1222004
40648001
322093006>Not Found
109035006
52388000
321986007
83999008
25673006
346628003
418142007
71724000
356479009>Not Found
32792001
No VTM
1222004
108547003
321959007>Not Found
85354008
73572009
27658006
40589005
18035211000001104
108559004
96304005
323510009>Not Found
6247001
329526003>Not Found
108547003
96067005
85354008
418142007
90332006
108600003
81609008
34855311000001107
108943009
108537001
796001
52388000
52388000
108600003
412556009
374296008>Not Found
108418007
30125007
108984007
319284000>Not Found
322440003>Not Found
329526003>Not Found
73572009
418528006
73572009
421128005
85354008
90332006
320883008
108430001
39463011000001107
90332006
11847009
421128005
52388000
38268001
96067005
108666007
321986007
10504007
108943009
96067005
83999008
85343003
52388000
108564000
108600003
7947003
48174005
27658006
319283006>Not Found
704464003
321958004
109081006
703906002
38268001
321174005
321174005
19523211000001102
7947003
320029006>Not Found
108600003
10071011000001106
321960002>Not Found
91135008
108600003
108600003
38268001
108564000
52388000
81609008
108547003
52388000
27658006
108418007
108507005
323510009>Not Found
412556009
703906002
374295007>Not Found
40589005
407730002
319667003>Not Found
39463011000001107
52108005
374294006>Not Found
48174005
10071011000001106
346628003
108986009
81609008
48546005
108666007
108430001
704464003
73572009
27658006
71759000
322440003>Not Found
36409011000001100
7947003
30306003
81609008
91135008
96304005
108984007
796001
52388000
30306003
13297301000001101
52388000
1222004
418277004
109081006
85354008
27896111000001103
108430001
415542004
374294006>Not Found
52388000
37400007
329526003>Not Found
320031002>Not Found
108564000
323510009>Not Found
34955711000001102
30306003
108666007
96304005
108986009
25673006
704464003
73572009
85990009
703906002
321959007>Not Found
16742011000001108
324607004>Not Found
417935005
90332006
319283006>Not Found
703906002
108984007
442539005
109081006
52108005
52388000
10071011000001106
703906002
321174005
32792001
85990009
52388000
320030001>Not Found
108666007
108547003
73572009
81609008
90332006
52388000
10504007
322539003>Not Found
326524001>Not Found
108943009
26800000
40589005
108600003
320139002>Not Found
321174005
108441004
109035006
442539005
324606008>Not Found
91135008
12096000
10504007
48174005
322539003>Not Found
418528006
91135008
39463011000001107
108655000
73572009
108418007
No VTM
406785006
321174005
322440003>Not Found
108547003
52108005
6247001
320139002>Not Found
108984007
85990009
323293008>Not Found
418142007
703906002
83999008
321174005
322440003>Not Found
418142007
324606008>Not Found
71724000
704464003
108430001
No VTM
96304005
134489001>Not Found
96304005
323539009>Not Found
89018006
796001
71453003
108547003
796001
108564000
48546005
7561000
108600003
90332006
108984007
73572009
52388000
73572009
108559004
90332006
321986007
346628003
90332006
321960002>Not Found
320177008>Not Found
108430001
108547003
71724000
108418007
111137007
1222004
96304005
320139002>Not Found
16742011000001108
25673006
108984007
56549003
73572009
36409011000001100
323465006>Not Found
108984007
108655000
109081006
31684002
322065007>Not Found
9944001
418277004
13297301000001101
320177008>Not Found
108564000
71724000
319304004
134599008>Not Found
1222004
73572009
27658006
108666007
38268001
1222004
346628003
108666007
6247001
19225000
7561000
19225000
19225000
85354008
6247001
No VTM
108559004
109035006
418142007
108564000
412556009
73572009
346628003
108564000
108402001
25246002
19225000
73572009
412556009
319284000>Not Found
90332006
418528006
108547003
39463011000001107
No VTM
85354008
52388000
109035006
27658006
324606008>Not Found
13929005
52388000
108547003
108984007
322440003>Not Found
322440003>Not Found
108564000
346628003
73572009
30306003
134599008>Not Found
73572009
406785006
320029006>Not Found
73572009
52388000
25246002
25673006
73572009
53640004
10756001
52388000
40648001
73572009
704464003
81609008
39463011000001107
13868411000001104
40648001
30125007
323465006>Not Found
108984007
404833002
320347009>Not Found
321958004
27658006
96304005
85343003
25673006
82746003
703906002
96304005
71724000
108564000
404833002
86647004
320030001>Not Found
796001
85343003
108564000
23662511000001107
81609008
108986009
52388000
82746003
16742011000001108
82746003
27658006
52388000
90332006
48603004
10504007
12096000
48603004
323465006>Not Found
108547003
83999008
322539003>Not Found
30306003
69236009
96034006
108430001
108564000
86647004
412556009
73572009
13868411000001104
108547003
35312611000001107
398699008
73572009
321960002>Not Found
25673006
321986007
321174005
320139002>Not Found
39463011000001107
73572009
108441004
108666007
25246002
73572009
404833002
No VTM
27658006
398728003
52388000
96304005
10167711000001101
319284000>Not Found
1222004
109081006
412556009
321174005
48603004
108564000
85990009
7561000
108666007
73572009
81609008
19225000
7561000
412556009
319799004>Not Found
374296008>Not Found
52108005
323283001
85990009
73572009
32792001
329526003>Not Found
319799004>Not Found
16742011000001108
86647004
320883008
109035006
333928006>Not Found
6247001
52388000
96304005
45311002
703906002
796001
108564000
7577004
320177008>Not Found
19523211000001102
1222004
12913411000001108
415159003
116523008
108575001
412556009
19225000
40589005
108600003
108564000
418277004
52388000
90332006
442539005
321986007
418277004
87652004
19523211000001102
No VTM
111137007
73572009
13868211000001103
73572009
349958007
322539003>Not Found
13565005
85343003
109081006
317317009
111137007
1222004
38268001
81609008
79129001
82573000
32792001
52108005
No VTM
323539009>Not Found
108537001
7561000
108547003
16602005
108537001
108402001
No VTM
9944001
108430001
108418007
796001
81609008
90332006
25246002
52388000
109035006
No VTM
9944001
322237000>Not Found
323465006>Not Found
96087006
108547003
714687009
418142007
108575001
82746003
796001
25673006
73572009
36409011000001100
52388000
108564000
108984007
91135008
91143003
81609008
111137007
13929005
5797005
82746003
32792001
323510009>Not Found
13298001000001103
319668008>Not Found
71759000
96316004
319304004
108430001
31684002
1222004
13297301000001101
374296008>Not Found
52388000
38268001
320171009>Not Found
703906002
48603004
418528006
108402001
412556009
108575001
32792001
85354008
52388000
317563004>Not Found
323465006>Not Found
53640004
82746003
404833002
73572009
321958004
87652004
89018006
418277004
796001
414984009
90332006
13868211000001103
30125007
108430001
108430001
85990009
48603004
414984009
414984009
82746003
414984009
52388000
87395005
108559004
324606008>Not Found
414984009
108564000
87652004
90332006
90332006
703906002
83999008
108402001
85990009
13929005
82746003
108984007
82746003
320031002>Not Found
73572009
73572009
320177008>Not Found
90332006
108838001
108943009
108418007
73572009
414984009
108564000
44798001
414984009
414984009
398699008
13929005
73986003
13868211000001103
85354008
39463011000001107
414984009
96309000
414984009
73572009
19523211000001102
320347009>Not Found
63136007
12096000
319284000>Not Found
414984009
108666007
414984009
30306003
7561000
34855311000001107
108430001
322065007>Not Found
85990009
73572009
414984009
52388000
109081006
26800000
704257002
19225000
109081006
No VTM
108652002
10504007
No VTM
108575001
71453003
7561000
58883005
90332006
90332006
374296008>Not Found
322065007>Not Found
81609008
6247001
321960002>Not Found
71759000
10504007
48546005
56549003
48546005
108418007
13297301000001101
321986007
796001
48546005
38268001
109035006
108575001
714687009
108418007
48546005
108564000
89029005
320031002>Not Found
108564000
85990009
27658006
714687009
No VTM
73572009
81609008
52108005
108984007
71724000
319136004>Not Found
418277004
73572009
442539005
38268001
10756001
111137007
442539005
53640004
413717007
323465006>Not Found
82746003
319283006>Not Found
796001
82746003
320347009>Not Found
408041006
10756001
73572009
13297301000001101
82746003
90332006
346628003
30306003
36409611000001107
108418007
19225000
109081006
40589005
91135008
108430001
320029006>Not Found
7947003
414984009
322440003>Not Found
7947003
442539005
418142007
418277004
108564000
73572009
86647004
108587008
73572009
108666007
704464003
81609008
81609008
48546005
324606008>Not Found
703906002
322172006>Not Found
407730002
85354008
442539005
19841008
12096000
322172006>Not Found
108564000
27658006
55556000
38268001
418528006
85354008
108418007
418142007
81609008
13297301000001101
324516008>Not Found
418142007
30125007
108986009
39463011000001107
48603004
325238000
9944001
81609008
108564000
No VTM
116523008
16602005
90332006
18035211000001104
321986007
81609008
321986007
321958004
109081006
404833002
108564000
52388000
26800000
108418007
30125007
323884001>Not Found
108655000
96067005
No VTM
108600003
No VTM
85354008
108559004
321986007
34855311000001107
322065007>Not Found
19523211000001102
90332006
108666007
108666007
108507005
52388000
13929005
79129001
73572009
73572009
108979001
323510009>Not Found
96316004
321959007>Not Found
No VTM
12913411000001108
109081006
13297301000001101
108984007
109081006
91143003
796001
714687009
85354008
386047000>Not Found
108564000
407730002
52388000
108441004
321174005
322440003>Not Found
322440003>Not Found
40589005
442539005
418142007
418277004
322174007>Not Found
346553009
25673006
71724000
320029006>Not Found
52388000
73572009
25673006
108418007
73572009
321174005
108777007
52388000
57752001
7947003
85343003
85990009
40648001
82573000
12096000
44798001
417935005
No VTM
321986007
81609008
108402001
40589005
27658006
324607004>Not Found
374295007>Not Found
108418007
21674911000001109
108547003
324607004>Not Found
323283001
374295007>Not Found
13929005
52388000
73572009
108984007
82573000
7561000
No VTM
414984009
703906002
52388000
81609008
52388000
25246002
38268001
108430001
414984009
91135008
32792001
10756001
321959007>Not Found
322440003>Not Found
52388000
38268001
18037511000001105
108547003
19225000
322065007>Not Found
30125007
108564000
320697002>Not Found
108564000
36409611000001107
52388000
96305006
111137007
714687009
6247001
96067005
81609008
91135008
No VTM
13929005
108564000
108986009
30125007
85354008
442539005
324606008>Not Found
90332006
73572009
39463011000001107
319283006>Not Found
No VTM
73572009
319283006>Not Found
81609008
27658006
116076009
108430001
703680009>Not Found
40589005
108564000
421128005
796001
13297301000001101
346628003
71724000
48603004
12096000
25246002
12096000
71724000
52388000
111137007
108418007
91143003
69708003
322174007>Not Found
81609008
96014005
63136007
320989006>Not Found
19225000
48603004
32792001
73572009
108402001
96221003
108666007
90332006
108943009
52388000
442539005
25673006
108984007
319136004>Not Found
406785006
85990009
52388000
421552005
25673006
44798001
418528006
30125007
7561000
317317009
418277004
69236009
No VTM
796001
48174005
415159003
418277004
48603004
108402001
108587008
374296008>Not Found
68887009
109081006
48174005
108547003
406785006
321174005
108564000
442539005
39128000
27896111000001103
85354008
87652004
329526003>Not Found
81609008
320883008
73986003
108564000
326524001>Not Found
71724000
427104004
317956008>Not Found
38268001
91143003
48603004
40648001
16742011000001108
31684002
69236009
No VTM
19225000
48603004
321960002>Not Found
85354008
321986007
414984009
85354008
36409611000001107
52388000
324605007>Not Found
321174005
374294006>Not Found
No VTM
413717007
374295007>Not Found
108666007
91143003
96221003
82573000
322065007>Not Found
18037511000001105
108547003
414984009
48174005
25673006
27658006
714687009
25246002
418316002
108587008
16602005
317956008>Not Found
73572009
374294006>Not Found
19523211000001102
90332006
109035006
442539005
96304005
86647004
108564000
108430001
48603004
34855311000001107
81609008
52108005
96067005
96067005
108564000
108564000
13929005
40589005
108507005
108441004
108441004
324606008>Not Found
30125007
25673006
41193000
73572009
36409011000001100
424535007
108402001
324568001>Not Found
323510009>Not Found
108418007
108418007
96304005
108430001
71453003
24645211000001107
73572009
13868411000001104
109035006
388452006
388452006
407031006
374296008>Not Found
404833002
322237000>Not Found
319284000>Not Found
85343003
73572009
71453003
108564000
No VTM
36409611000001107
108418007
12236006
109081006
52388000
374294006>Not Found
374295007>Not Found
54887004
322237000>Not Found
108402001
52108005
407730002
321986007
108564000
34855311000001107
12913411000001108
30306003
108650005
70379000
108430001
7947003
81609008
796001
No VTM
1222004
134599008>Not Found
53640004
No VTM
73572009
85354008
30306003
374294006>Not Found
36408311000001108
53640004
96309000
44798001
321174005
796001
323539009>Not Found
30306003
90332006
321960002>Not Found
42082003
108984007
71584004
25673006
96304005
386047000>Not Found
48174005
321960002>Not Found
13929005
No VTM
27896111000001103
324606008>Not Found
30125007
25673006
418142007
408041006
52108005
87652004
71724000
414984009
108666007
71724000
108943009
30125007
430819007
320029006>Not Found
73572009
22219111000001103
321959007>Not Found
87652004
108556006
418142007
25673006
36408111000001106
81609008
108650005
6247001
407730002
73572009
56549003
109143003
108430001
No VTM
12913411000001108
71759000
325238000
13868411000001104
71584004
406785006
91135008
796001
30306003
No VTM
323510009>Not Found
31684002
424106006
37400007
27658006
52388000
73572009
323283001
91143003
52388000
35312611000001107
116076009
No VTM
52108005
796001
108441004
52388000
73572009
52388000
48174005
330769006
108666007
30125007
322093006>Not Found
116726003
81609008
No VTM
418142007
52108005
7561000
31684002
414984009
73572009
13297301000001101
442539005
13816611000001101
19225000
73572009
96309000
11847009
85343003
404833002
321959007>Not Found
111138002
13868211000001103
108575001
38268001
108547003
1222004
48603004
414984009
73572009
87652004
108655000
108965009
13297301000001101
71724000
349819003
116523008
90332006
108547003
7577004
320030001>Not Found
714687009
108386000
323465006>Not Found
108666007
48603004
116076009
13816611000001101
108720006
321460009>Not Found
No VTM
36409411000001109
71724000
73986003
13565005
73572009
No VTM
81609008
40589005
321460009>Not Found
86647004
321460009>Not Found
63136007
44798001
703906002
40589005
No VTM
108547003
5797005
108943009
52108005
No VTM
10504007
34855311000001107
71724000
442539005
86647004
25246002
796001
44798001
333899005>Not Found
36409611000001107
No VTM
108943009
34955711000001102
108556006
89029005
321174005
40589005
333899005>Not Found
25673006
10504007
40589005
323465006>Not Found
96309000
108624006
81609008
13297301000001101
39463011000001107
82746003
82746003
39463011000001107
703906002
82746003
108547003
108943009
73572009
38268001
26800000
30125007
108984007
86647004
321986007
85990009
321174005
19225000
81609008
52388000
25673006
13929005
91135008
714687009
346628003
73572009
108564000
322440003>Not Found
10504007
714687009
9944001
No VTM
86647004
25246002
108402001
108547003
52388000
35312611000001107
25673006
414984009
No VTM
322077002>Not Found
27658006
414984009
319132002>Not Found
703906002
25246002
108418007
13929005
108556006
13816611000001101
96034006
414984009
322440003>Not Found
317317009
323465006>Not Found
108666007
320177008>Not Found
25673006
90332006
108441004
415159003
32792001
414984009
52108005
322440003>Not Found
386047000>Not Found
96309000
81609008
109081006
108666007
414984009
25673006
No VTM
108507005
73572009
36409611000001107
73572009
91135008
414984009
321986007
73572009
38268001
52388000
10504007
796001
404833002
90332006
7561000
108547003
90332006
414984009
331080007>Not Found
108838001
321986007
73572009
87652004
85343003
108986009
85990009
317956008>Not Found
44798001
71584004
108418007
25673006
108402001
44990002
48603004
25673006
23662511000001107
324605007>Not Found
421552005
108838001
No VTM
90332006
108564000
85354008
349819003
109081006
90332006
36409011000001100
796001
30125007
414984009
324568001>Not Found
48174005
12369008
108547003
334018006>Not Found
82746003
418373003
320697002>Not Found
321960002>Not Found
No VTM
413717007
108666007
108943009
7561000
36409011000001100
No VTM
321460009>Not Found
108666007
796001
96309000
40648001
417935005
81609008
327531006>Not Found
108655000
319799004>Not Found
714687009
90332006
12096000
109081006
71724000
108986009
108402001
703680009>Not Found
91143003
7561000
52388000
73572009
83999008
418277004
81609008
89018006
408079001>Not Found
414984009
108587008
18035211000001104
26800000
108497001
52388000
412547001
323465006>Not Found
73572009
11847009
22209011000001101
108984007
321959007>Not Found
108402001
108564000
418277004
39339611000001101
414984009
13816611000001101
52388000
90332006
27658006
319304004
40648001
19225000
81609008
108418007
38268001
48174005
48546005
7561000
13929005
319136004>Not Found
714687009
48603004
419513000
322440003>Not Found
16742011000001108
109081006
322237000>Not Found
13568411000001103
108575001
329526003>Not Found
52388000
321174005
5797005
714687009
408041006
108655000
321960002>Not Found
108564000
48603004
52388000
96067005
321174005
108564000
321960002>Not Found
319799004>Not Found
108585000
323465006>Not Found
No VTM
421128005
38268001
No VTM
38268001
25673006
418277004
321958004
319617005>Not Found
No VTM
324606008>Not Found
329526003>Not Found
418277004
No VTM
109081006
796001
34855311000001107
96067005
No VTM
48603004
79129001
73572009
81609008
108441004
68887009
108402001
108838001
87652004
320883008
82746003
108943009
108507005
116726003
No VTM
346628003
36409011000001100
320697002>Not Found
134599008>Not Found
52388000
32792001
25246002
19225000
81609008
109035006
96304005
321986007
26800000
323539009>Not Found
415159003
71724000
796001
70379000
319304004
73572009
404833002
108943009
418277004
91143003
414984009
53640004
111138002
319136004>Not Found
25673006
111137007
96304005
73572009
108564000
108984007
1222004
25246002
108575001
12913411000001108
418373003
414984009
374294006>Not Found
96309000
108441004
No VTM
38268001
39463011000001107
73572009
52388000
319136004>Not Found
349819003
No VTM
323884001>Not Found
320029006>Not Found
321986007
108556006
796001
322440003>Not Found
83999008
12096000
7561000
108564000
73572009
5797005
704464003
25246002
7561000
325238000
90332006
48603004
81609008
108984007
324607004>Not Found
56549003
108943009
7947003
108943009
327529002
71453003
13929005
41193000
34855311000001107
7947003
414984009
320883008
704464003
52108005
81609008
108430001
356478001>Not Found
41193000
714687009
418277004
81609008
34955711000001102
48603004
407031006
No VTM
81609008
71724000
24645211000001107
134599008>Not Found
52388000
108979001
13565005
11847009
323283001
109081006
19841008
96067005
81609008
324568001>Not Found
83999008
48603004
53640004
96062004
418277004
16742011000001108
323465006>Not Found
323465006>Not Found
12236006
48603004
25246002
68887009
53640004
374296008>Not Found
No VTM
108418007
No VTM
73572009
116076009
414984009
52388000
73572009
70379000
19523211000001102
48603004
12913411000001108
53640004
323539009>Not Found
25673006
96062004
108402001
442539005
321986007
321986007
320883008
386142008
322440003>Not Found
7561000
321460009>Not Found
321460009>Not Found
108564000
82573000
19841008
40589005
96067005
81609008
703906002
18548003
320171009>Not Found
324606008>Not Found
1389007
90332006
77731008
19523211000001102
323465006>Not Found
108666007
96304005
73572009
7947003
5797005
No VTM
109081006
116076009
40589005
108547003
30125007
108587008
796001
30306003
321460009>Not Found
No VTM
36408111000001106
52388000
73572009
108547003
19225000
7561000
27658006
321460009>Not Found
108986009
319117009>Not Found
85354008
58883005
56549003
418142007
108587008
12096000
25673006
30125007
322440003>Not Found
108547003
412556009
108575001
96304005
317331009
81609008
79129001
73572009
71724000
81609008
108585000
52108005
83999008
25673006
108443001
356862006
108418007
7561000
703906002
73572009
52388000
82573000
10504007
No VTM
13816611000001101
36409611000001107
41193000
326524001>Not Found
323539009>Not Found
96309000
406457005
108441004
34955711000001102
1222004
12913411000001108
No VTM
82746003
19225000
108430001
30125007
86647004
48603004
90332006
73572009
19523211000001102
108564000
73572009
73572009
10756001
85354008
90332006
108402001
321986007
320883008
52388000
324606008>Not Found
331080007>Not Found
319284000>Not Found
109035006
90332006
90332006
370187009
323293008>Not Found
87652004
109081006
No VTM
30306003
70379000
12913411000001108
108547003
96221003
412556009
442539005
108443001
52388000
325238000
11847009
56549003
320883008
81609008
30125007
73572009
320177008>Not Found
414984009
23638511000001100
406785006
16602005
108402001
321986007
388452006
415159003
108556006
48603004
73572009
25673006
12913411000001108
388452006
73572009
52108005
13929005
317563004>Not Found
36409611000001107
10504007
32792001
7561000
82746003
68887009
319132002>Not Found
321978007>Not Found
108430001
96062004
406457005
No VTM
85990009
108777007
73572009
90332006
108430001
13929005
No VTM
317331009
108402001
108666007
39128000
18548003
85990009
329526003>Not Found
108507005
418142007
319112003>Not Found
48603004
714687009
91143003
116523008
48603004
108547003
108547003
415159003
96309000
56549003
30306003
31684002
73572009
108650005
73572009
323283001
108564000
9820811000001105
414984009
108652002
322539003>Not Found
96304005
323510009>Not Found
19225000
87652004
109081006
320989006>Not Found
78507004
No VTM
81609008
320177008>Not Found
70379000
404833002
No VTM
63136007
108984007
85990009
703906002
108984007
44990002
96221003
407031006
81609008
96221003
90332006
323283001
7561000
No VTM
10756001
320177008>Not Found
320347009>Not Found
71584004
109006003
418457008
116076009
69708003
418277004
116076009
48546005
44798001
81609008
11847009
25246002
414984009
108430001
73572009
46547007
108386000
73572009
90332006
323293008>Not Found
13868211000001103
30125007
73572009
19841008
73572009
10756001
96309000
714687009
23638511000001100
421128005
73572009
7947003
134489001>Not Found
6247001
48546005
320347009>Not Found
12913411000001108
36408111000001106
25673006
48546005
324633007>Not Found
36409611000001107
36409611000001107
412556009
55745002
84812008
52108005
73572009
108507005
319283006>Not Found
83490000
1389007
13294301000001106
79129001
71724000
108655000
418277004
30306003
108943009
85990009
415159003
73572009
374294006>Not Found
27658006
317317009
73572009
324258005>Not Found
414984009
319136004>Not Found
79129001
407033009
No VTM
109081006
73572009
320883008
324258005>Not Found
10504007
418277004
108652002
111137007
108587008
1222004
40589005
48174005
414984009
87652004
10196611000001105
7561000
96221003
7947003
30306003
319284000>Not Found
407730002
96309000
321960002>Not Found
322539003>Not Found
79129001
374295007>Not Found
109081006
323510009>Not Found
85343003
108402001
90332006
73572009
No VTM
89018006
374295007>Not Found
321174005
414984009
108441004
36408111000001106
418277004
11847009
321960002>Not Found
39463011000001107
108547003
108943009
134599008>Not Found
108984007
85990009
108430001
No VTM
109081006
30125007
109081006
319136004>Not Found
108984007
320029006>Not Found
73133000
90332006
321959007>Not Found
442539005
323539009>Not Found
31684002
36408111000001106
7561000
108564000
319113008>Not Found
714687009
404833002
71759000
13816611000001101
52388000
413717007
32792001
No VTM
29987611000001105
24645211000001107
71584004
108943009
13868211000001103
54544005
96067005
108430001
374296008>Not Found
111138002
25246002
25246002
418142007
96304005
108666007
7561000
73572009
407031006
703807007>Not Found
13297301000001101
52388000
346628003
36408311000001108
53640004
321960002>Not Found
111137007
90332006
7561000
108402001
25246002
73572009
407031006
73572009
418528006
5797005
No VTM
12913411000001108
12096000
108441004
36893000
116726003
No VTM
No VTM
108943009
39463011000001107
323539009>Not Found
109081006
52388000
71584004
85990009
330769006
108777007
48603004
108547003
85990009
77731008
85990009
418277004
36409011000001100
96087006
7561000
108547003
320997004>Not Found
73572009
321174005
108386000
82746003
108556006
No VTM
371296007
329526003>Not Found
30306003
346628003
48603004
374294006>Not Found
81609008
370179008
No VTM
96309000
404833002
320031002>Not Found
374294006>Not Found
13297301000001101
404833002
13816611000001101
38268001
57752001
25673006
71724000
82746003
108430001
415159003
52388000
90332006
25246002
82746003
13297301000001101
320697002>Not Found
96062004
No VTM
323283001
82746003
374295007>Not Found
56549003
48603004
78507004
329686007>Not Found
108547003
53691001
108943009
109081006
398699008
12913411000001108
19523211000001102
73572009
18035211000001104
323465006>Not Found
323283001
83999008
406457005
71724000
108587008
48174005
96087006
317331009
323510009>Not Found
108655000
108986009
406785006
108943009
No VTM
111138002
407730002
25246002
704464003
12913411000001108
90332006
418142007
25673006
7336002
96309000
108943009
418277004
7947003
108497001
90332006
324606008>Not Found
116726003
89192008
442539005
81609008
108497001
81609008
108587008
108666007
108443001
108575001
No VTM
407031006
30306003
418528006
81609008
319283006>Not Found
73572009
108547003
86647004
108984007
12096000
320697002>Not Found
320346000>Not Found
38268001
412556009
108650005
13297301000001101
25246002
407033009
16742011000001108
109081006
108547003
No VTM
398699008
320177008>Not Found
322539003>Not Found
108984007
19225000
82746003
30306003
323510009>Not Found
108556006
96221003
96305006
108720006
No VTM
No VTM
81609008
108587008
108547003
40589005
324568001>Not Found
108402001
414984009
412556009
89018006
108564000
25246002
111138002
703906002
108443001
108777007
108564000
321174005
108943009
108497001
23662511000001107
7947003
108418007
90332006
108943009
424106006
108386000
321986007
418142007
44990002
442539005
356478001>Not Found
52388000
714687009
73572009
321986007
108766001
7561000
108564000
108838001
16602005
96067005
356478001>Not Found
7561000
18037511000001105
325238000
12236006
321986007
323465006>Not Found
323539009>Not Found
82573000
36408111000001106
90332006
73133000
108556006
1222004
52388000
108943009
13868211000001103
323465006>Not Found
374296008>Not Found
No VTM
329325000
73572009
7561000
412556009
30306003
108418007
36408311000001108
73572009
39463011000001107
796001
25673006
13297301000001101
31865003
108650005
424106006
41193000
38268001
108547003
370187009
108986009
356862006
52388000
13816611000001101
325238000
81609008
324258005>Not Found
53640004
53640004
No VTM
108556006
16602005
36409611000001107
407031006
38268001
442539005
71724000
320697002>Not Found
23662511000001107
7947003
323510009>Not Found
703906002
89192008
13868211000001103
407730002
321959007>Not Found
109081006
321174005
108564000
415159003
109081006
36408111000001106
108777007
96221003
36408111000001106
90332006
7561000
31684002
No VTM
86647004
52108005
25673006
408041006
330769006
12913411000001108
13868411000001104
108497001
71724000
796001
319667003>Not Found
10504007
108666007
7561000
116076009
73133000
415159003
322284000>Not Found
443469008>Not Found
No VTM
73572009
418142007
108443001
73572009
320347009>Not Found
442539005
443469008>Not Found
96231005
108497001
12369008
324568001>Not Found
108497001
27658006
96034006
82746003
73133000
30306003
108564000
32792001
319304004
108564000
129483007
73572009
346628003
108402001
108402001
86647004
321174005
108986009
13868211000001103
323283001
48603004
13816611000001101
109035006
109081006
71724000
96221003
90332006
415159003
108986009
69708003
11847009
421780005
418277004
418528006
26800000
96309000
56549003
703906002
325238000
52388000
319136004>Not Found
52388000
108666007
320276009>Not Found
108836002
96309000
398699008
96034006
108556006
52388000
82746003
7561000
415159003
73572009
108556006
109081006
418528006
82746003
13294201000001102
108564000
19841008
320171009>Not Found
7561000
322539003>Not Found
108547003
13297301000001101
421780005
27658006
78507004
412556009
412556009
418277004
85354008
73572009
73572009
346628003
27658006
108430001
19841008
53640004
108402001
82746003
48603004
386047000>Not Found
796001
323465006>Not Found
36408311000001108
11847009
96304005
442539005
116523008
82573000
No VTM
40589005
7561000
90332006
415159003
109113000
No VTM
406785006
52108005
25673006
42082003
415159003
322174007>Not Found
13816611000001101
350469004
404833002
89192008
30306003
No VTM
407031006
349819003
134599008>Not Found
87652004
108430001
96221003
108402001
13868211000001103
48546005
320031002>Not Found
322440003>Not Found
1389007
52108005
No VTM
322440003>Not Found
108443001
52388000
52388000
48603004
386047000>Not Found
108402001
323884001>Not Found
320139002>Not Found
321986007
703906002
No VTM
323465006>Not Found
109035006
81609008
48603004
703906002
442539005
108507005
796001
325238000
48603004
323539009>Not Found
70379000
85354008
57752001
48603004
320171009>Not Found
108430001
108418007
108587008
414984009
108507005
82746003
321986007
406457005
10504007
13929005
52108005
96304005
66493003
374295007>Not Found
796001
796001
No VTM
320275008>Not Found
108507005
418277004
81609008
96305006
108507005
108547003
48546005
108547003
19225000
22209011000001101
424106006
9944001
No VTM
330769006
320031002>Not Found
326524001>Not Found
82746003
38268001
320883008
321174005
108564000
87652004
30010009
52108005
109081006
85343003
40589005
13868411000001104
325238000
52388000
320697002>Not Found
7561000
82746003
321986007
81609008
82746003
13297301000001101
411533003>Not Found
346628003
108666007
25246002
No VTM
108441004
71724000
19225000
323510009>Not Found
322440003>Not Found
322539003>Not Found
27896111000001103
No VTM
320171009>Not Found
63136007
108655000
32792001
69708003
91135008
108443001
326524001>Not Found
31684002
No VTM
13929005
325238000
13868211000001103
321986007
27658006
73572009
116523008
322237000>Not Found
11847009
108507005
71759000
108497001
415159003
418277004
323884001>Not Found
30306003
325238000
18035211000001104
108984007
55217007
109006003
325238000
73572009
319287007>Not Found
415159003
321959007>Not Found
1389007
326524001>Not Found
320347009>Not Found
No VTM
414984009
386047000>Not Found
116103003
321960002>Not Found
108432009
108556006
319304004
442539005
36408311000001108
796001
19225000
324516008>Not Found
73572009
52388000
415159003
321960002>Not Found
26800000
36408311000001108
108497001
323510009>Not Found
48603004
111137007
6102009
116076009
108838001
54705000
82746003
374294006>Not Found
71584004
374294006>Not Found
321960002>Not Found
35312611000001107
108564000
320697002>Not Found
13929005
414984009
78507004
321971001>Not Found
19225000
319291002>Not Found
424535007
418277004
48546005
317956008>Not Found
321986007
108564000
52388000
13297301000001101
108556006
30306003
418142007
319287007>Not Found
325238000
116076009
96062004
424106006
418142007
11847009
89192008
7336002
322440003>Not Found
27658006
331147002>Not Found
31865003
424535007
703906002
323283001
No VTM
415159003
30125007
73572009
109081006
323283001
73572009
108986009
69708003
108507005
13868211000001103
108402001
109081006
108418007
12369008
87652004
82746003
374294006>Not Found
35312611000001107
30125007
53640004
108943009
327531006>Not Found
111137007
18548003
407033009
85354008
424106006
108943009
27658006
87652004
320171009>Not Found
320029006>Not Found
412556009
320171009>Not Found
96221003
53640004
321976006>Not Found
30125007
40648001
96067005
7947003
52108005
703680009>Not Found
48603004
406785006
19225000
703924000>Not Found
24645211000001107
109081006
52388000
420624001
7561000
44798001
30125007
53640004
96183007
36409011000001100
418142007
323786005>Not Found
89018006
320177008>Not Found
25246002
13929005
116523008
442539005
398699008
108984007
414428000
73572009
30306003
116076009
322065007>Not Found
96067005
73572009
320030001>Not Found
331018007>Not Found
108943009
317331009
No VTM
407031006
96221003
12913411000001108
34955711000001102
108418007
53640004
1222004
90332006
408041006
424535007
No VTM
91143003
13565005
108666007
18548003
116523008
415159003
73572009
323539009>Not Found
83490000
73572009
25673006
87652004
319304004
90332006
12913411000001108
13816611000001101
12913411000001108
52388000
134489001>Not Found
415159003
18037511000001105
25673006
83999008
48603004
108432009
325238000
414804006
85343003
108650005
116523008
30125007
108559004
346628003
12913411000001108
134599008>Not Found
40589005
108575001
90332006
73572009
109081006
36408011000001105
11847009
415159003
319304004
108655000
418528006
36408111000001106
108556006
No VTM
90332006
418142007
108564000
118259007
34955711000001102
108402001
415159003
48546005
320697002>Not Found
108984007
418528006
71724000
7577004
323465006>Not Found
81609008
71724000
54544005
13298001000001103
415159003
82746003
86647004
73572009
111165009
38268001
53640004
10504007
111137007
69708003
320030001>Not Found
108587008
52108005
96062004
No VTM
71759000
134599008>Not Found
39463011000001107
73986003
No VTM
38268001
25673006
108441004
323293008>Not Found
90332006
62782004
412556009
48546005
418277004
418277004
25673006
81609008
404833002
48546005
415159003
30125007
48546005
354035004
13868411000001104
6247001
No VTM
108652002
321960002>Not Found
108575001
108507005
108547003
346628003
320347009>Not Found
108587008
1222004
108766001
412556009
319291002>Not Found
108666007
350324006
108507005
116103003
703807007>Not Found
322284000>Not Found
108650005
10504007
411533003>Not Found
325238000
71724000
No VTM
7561000
108655000
108943009
111137007
108507005
108564000
412556009
317331009
108666007
350469004
11847009
71759000
84812008
108666007
16602005
108556006
18037511000001105
83999008
420624001
414984009
39463011000001107
85990009
407730002
108655000
421780005
116103003
82746003
323786005>Not Found
No VTM
7947003
407730002
324740003>Not Found
32792001
96087006
96309000
108564000
73572009
374296008>Not Found
319283006>Not Found
324516008>Not Found
71584004
442539005
323465006>Not Found
82573000
31865003
38268001
354035004
319863001>Not Found
108675009
1389007
703906002
323283001
96221003
406785006
No VTM
108943009
322237000>Not Found
89192008
322065007>Not Found
116076009
13929005
16602005
53640004
108984007
90332006
16742011000001108
442539005
36409611000001107
109006003
108650005
116076009
71584004
330769006
31684002
1222004
19225000
108559004
320883008
317956008>Not Found
323740008>Not Found
96034006
No VTM
73572009
386047000>Not Found
108652002
320030001>Not Found
108556006
40589005
7561000
386142008
323283001
321959007>Not Found
7561000
320883008
415159003
108587008
108666007
108441004
96067005
39128000
90332006
414984009
412554007
322284000>Not Found
321959007>Not Found
321959007>Not Found
96309000
324607004>Not Found
58883005
96309000
108430001
90332006
108655000
90332006
85990009
329298009>Not Found
327703004>Not Found
704464003
No VTM
81609008
82573000
71724000
7947003
79129001
322281008>Not Found
108943009
89029005
43684009
43684009
40648001
349819003
116523008
108986009
323465006>Not Found
39128000
418142007
25673006
38268001
108984007
323283001
56549003
386142008
108507005
81609008
108774000
42082003
40589005
90332006
111137007
322123004>Not Found
322440003>Not Found
415159003
10756001
108564000
415159003
16742011000001108
57752001
96067005
415159003
134599008>Not Found
321174005
96221003
31865003
96221003
108547003
108838001
108666007
73572009
52388000
356862006
28050011000001101
108666007
442539005
108943009
No VTM
108441004
39463011000001107
73572009
108564000
42082003
36409611000001107
108984007
No VTM
No VTM
69236009
108430001
108575001
325238000
319287007>Not Found
108666007
71724000
96087006
81609008
320347009>Not Found
No VTM
19225000
52388000
320697002>Not Found
86647004
415159003
414984009
73572009
108386000
13816611000001101
No VTM
38268001
108564000
319304004
86647004
318640004>Not Found
37400007
323539009>Not Found
108777007
134599008>Not Found
10756001
No VTM
414984009
407031006
442539005
108564000
703807007>Not Found
395300006
12096000
28050011000001101
418631002
322539003>Not Found
325238000
108984007
82746003
109081006
322055001>Not Found
52108005
108575001
322237000>Not Found
No VTM
73572009
13929005
329325000
85354008
796001
10756001
6247001
108564000
40589005
7561000
91135008
108564000
71724000
12369008
330769006
323886004>Not Found
414984009
30125007
347666005>Not Found
96067005
108666007
82746003
10504007
71724000
108943009
41193000
73572009
108418007
18035211000001104
322056000>Not Found
109081006
322440003>Not Found
321986007
44798001
374294006>Not Found
417935005
79129001
No VTM
96309000
86647004
108507005
38268001
108556006
85990009
108556006
415159003
703807007>Not Found
40589005
108984007
319132002>Not Found
134599008>Not Found
81609008
331285009>Not Found
321959007>Not Found
320177008>Not Found
108556006
116074007
412556009
319284000>Not Found
108666007
425483000
108430001
398690007
1222004
108443001
85990009
111165009
323884001>Not Found
21674911000001109
96067005
27658006
13297301000001101
No VTM
96034006
320697002>Not Found
27896111000001103
13816611000001101
No VTM
108402001
374295007>Not Found
96304005
60881009
111137007
96304005
30010009
319304004
407730002
81609008
322689004>Not Found
39128000
73572009
13868411000001104
704464003
321959007>Not Found
108441004
56549003
108547003
52388000
414984009
398699008
354033006
703680009>Not Found
40648001
No VTM
108556006
85354008
36409611000001107
134489001>Not Found
346628003
108443001
108666007
85990009
No VTM
36409011000001100
317956008>Not Found
111137007
73986003
96067005
415159003
13868211000001103
108675009
25246002
324568001>Not Found
36408311000001108
No VTM
406785006
91143003
323795002>Not Found
319112003>Not Found
87652004
325238000
108418007
26800000
108402001
414984009
31684002
96014005
418277004
406457005
57376006
7561000
108547003
108587008
48546005
85990009
108441004
30125007
111137007
48603004
412556009
No VTM
418277004
415159003
108986009
73572009
90332006
52108005
90332006
70379000
109081006
322237000>Not Found
13868211000001103
703906002
356479009>Not Found
109081006
10504007
346628003
No VTM
109081006
398699008
108943009
7336002
48546005
408041006
325238000
34955711000001102
108838001
70379000
108418007
69708003
13868211000001103
442539005
320347009>Not Found
414984009
73572009
73572009
321986007
317956008>Not Found
442539005
415159003
108547003
108402001
108564000
325238000
31140011000001102
90332006
96305006
108402001
26800000
23662511000001107
5797005
96309000
319304004
91135008
322284000>Not Found
34855311000001107
126212009
30306003
13929005
71584004
108418007
7561000
322093006>Not Found
108547003
319132002>Not Found
38268001
38268001
108386000
69708003
13294201000001102
71724000
796001
86647004
31865003
108666007
400894004>Not Found
81609008
346628003
19523211000001102
108943009
321960002>Not Found
79129001
116076009
415159003
82746003
323283001
413717007
25673006
398699008
40648001
90332006
704257002
26800000
108402001
406457005
48603004
96221003
109081006
317954006>Not Found
40648001
125695009
108418007
96305006
703804000
442539005
325238000
415159003
No VTM
108575001
85990009
108547003
108587008
90332006
108386000
415159003
374295007>Not Found
13297301000001101
319667003>Not Found
1389007
52108005
321174005
108386000
111137007
408041006
323884001>Not Found
319283006>Not Found
7947003
81609008
30306003
81609008
48174005
16602005
81609008
73572009
108666007
323510009>Not Found
73572009
42082003
22209011000001101
85343003
96309000
318640004>Not Found
96309000
108587008
320697002>Not Found
30306003
714687009
108547003
38268001
111137007
6102009
415159003
44990002
No VTM
1222004
22209011000001101
36408311000001108
108441004
71724000
703906002
415159003
73572009
703906002
418277004
319287007>Not Found
1222004
73572009
38268001
108547003
322440003>Not Found
25673006
322077002>Not Found
40589005
321460009>Not Found
13868411000001104
73133000
321959007>Not Found
318407001>Not Found
322440003>Not Found
7561000
1222004
796001
90332006
9944001
317956008>Not Found
53640004
324568001>Not Found
No VTM
79129001
116523008
108386000
13929005
1222004
320347009>Not Found
73986003
320697002>Not Found
71584004
18548003
319304004
86647004
108547003
38268001
30125007
418142007
319668008>Not Found
108430001
408041006
48603004
89192008
320139002>Not Found
714687009
386047000>Not Found
7561000
87652004
30306003
109113000
30306003
442539005
No VTM
7561000
108402001
81609008
116076009
322440003>Not Found
57752001
No VTM
108943009
18037511000001105
320347009>Not Found
70379000
703895009
321174005
No VTM
18037511000001105
108402001
10756001
38268001
73572009
39463011000001107
77731008
52388000
319799004>Not Found
No VTM
323884001>Not Found
703906002
395300006
85343003
108564000
134599008>Not Found
327531006>Not Found
323465006>Not Found
111137007
90332006
96309000
108943009
109081006
109006003
No VTM
96305006
323510009>Not Found
325366006>Not Found
12913411000001108
7561000
73986003
38268001
73572009
418277004
321729005>Not Found
407031006
40648001
5797005
703906002
407033009
446457007
108666007
325238000
108650005
322440003>Not Found
19225000
18548003
No VTM
398690007
421128005
26800000
108430001
406457005
No VTM
73572009
40648001
419513000
108402001
30306003
10071011000001106
116726003
13816611000001101
108666007
73572009
69708003
27658006
116076009
327700001>Not Found
71584004
350307000
96309000
108587008
321960002>Not Found
418277004
No VTM
73572009
108430001
69236009
108547003
52108005
81609008
418142007
317331009
70379000
346628003
108838001
No VTM
108497001
418277004
7561000
25673006
395273005
134489001>Not Found
325366006>Not Found
414984009
320171009>Not Found
13868211000001103
86647004
13816611000001101
406785006
30200311000001101
96221003
40648001
10504007
No VTM
10756001
86647004
30306003
319617005>Not Found
321960002>Not Found
322689004>Not Found
108984007
86647004
317954006>Not Found
108441004
84812008
25673006
81609008
414984009
27658006
10756001
90332006
319799004>Not Found
32792001
25673006
71453003
36408111000001106
134599008>Not Found
30306003
108943009
370187009
418528006
407031006
108652002
108547003
108575001
322440003>Not Found
31140011000001102
320347009>Not Found
90332006
406457005
111137007
415159003
13816611000001101
703807007>Not Found
30125007
108587008
10756001
350469004
96221003
96221003
108507005
38268001
108666007
7947003
323563001>Not Found
82573000
13565005
415159003
108497001
374294006>Not Found
414984009
31363511000001101
108984007
No VTM
418277004
85990009
108441004
96067005
330733003
321960002>Not Found
82746003
90332006
82573000
322440003>Not Found
703906002
96221003
116076009
108984007
40648001
324606008>Not Found
325238000
108587008
108418007
323510009>Not Found
5797005
No VTM
11847009
374295007>Not Found
16977003
86647004
36408111000001106
415159003
10756001
10756001
108441004
69708003
323465006>Not Found
13929005
13868211000001103
108402001
329325000
421780005
418277004
320177008>Not Found
134489001>Not Found
52108005
346628003
322093006>Not Found
108575001
386047000>Not Found
108666007
108575001
52108005
13297301000001101
36408111000001106
81609008
322440003>Not Found
19523211000001102
356479009>Not Found
320171009>Not Found
No VTM
421128005
321174005
55745002
415159003
406457005
418277004
417935005
52108005
412554007
71584004
89029005
No VTM
52108005
418277004
25673006
10257611000001100
54544005
96195007
No VTM
424535007
322539003>Not Found
73572009
78507004
398728003
322539003>Not Found
703807007>Not Found
48546005
442539005
108984007
108984007
414984009
13297301000001101
73572009
71724000
417935005
116545009
68887009
27658006
13297301000001101
52388000
417935005
71759000
108556006
412547001
78507004
108666007
317331009
414984009
324740003>Not Found
73572009
7561000
52388000
82746003
22209011000001101
414984009
327531006>Not Found
81609008
108836002
388452006
71584004
321734009>Not Found
81609008
30125007
71584004
48546005
31865003
116726003
73572009
73572009
319283006>Not Found
415159003
16602005
442539005
116726003
81609008
35312611000001107
108441004
31865003
412554007
73133000
329526003>Not Found
108441004
16742011000001108
108441004
69708003
319304004
48603004
108587008
73572009
25673006
81609008
108430001
73572009
108575001
418142007
327531006>Not Found
318009005>Not Found
134599008>Not Found
108547003
388452006
414984009
81609008
57376006
407033009
108402001
108666007
48603004
82746003
90332006
36409611000001107
82746003
6247001
322539003>Not Found
325238000
703680009>Not Found
703807007>Not Found
412554007
321986007
406785006
12096000
116074007
108984007
91143003
414984009
48603004
386047000>Not Found
116545009
65502005
22219111000001103
34855311000001107
108632003
108836002
96309000
18548003
52108005
90332006
418277004
108943009
109081006
322237000>Not Found
70379000
108547003
324740003>Not Found
386142008
86647004
82746003
703906002
34955711000001102
320177008>Not Found
108838001
73572009
25673006
108666007
322087003>Not Found
52108005
69708003
30010009
38268001
13565005
48603004
96195007
57752001
13816611000001101
85990009
12913411000001108
18037511000001105
54705000
48546005
73572009
96305006
323539009>Not Found
23638511000001100
40589005
386047000>Not Found
19523211000001102
319136004>Not Found
31140011000001102
96305006
412554007
116545009
69708003
374294006>Not Found
22209011000001101
52388000
374296008>Not Found
82573000
108943009
108564000
39463011000001107
83999008
322440003>Not Found
322539003>Not Found
No VTM
90332006
7561000
111138002
36408111000001106
34855311000001107
108507005
108575001
109081006
116726003
326524001>Not Found
349819003
108547003
52108005
796001
No VTM
796001
108402001
81609008
96305006
13568411000001103
13297301000001101
329686007>Not Found
11847009
26800000
320139002>Not Found
No VTM
90332006
322284000>Not Found
13868411000001104
320997004>Not Found
418528006
322093006>Not Found
48603004
398905005>Not Found
96034006
79129001
108402001
30306003
7561000
83999008
320346000>Not Found
79129001
108556006
421128005
5797005
82746003
90332006
412554007
395300006
38268001
108564000
108556006
407033009
52388000
No VTM
86647004
108441004
35312611000001107
108418007
40648001
No VTM
7561000
415159003
386047000>Not Found
25673006
90332006
81609008
87652004
30010009
73572009
38268001
91143003
13298001000001103
96221003
25246002
108585000
108556006
420804003
96309000
No VTM
391664000
319132002>Not Found
87652004
96221003
40648001
333899005>Not Found
404833002
87652004
96221003
53640004
30125007
108443001
18037511000001105
108666007
703906002
319288002>Not Found
108418007
317956008>Not Found
418277004
19225000
418142007
48603004
No VTM
108564000
414984009
418528006
10504007
320347009>Not Found
82746003
85354008
81609008
7947003
334018006>Not Found
53640004
96221003
48546005
374296008>Not Found
73572009
108986009
73986003
96014005
323510009>Not Found
44990002
414984009
109006003
73572009
91143003
69236009
317317009
418142007
71724000
325238000
7561000
108650005
96087006
73572009
108441004
73572009
331080007>Not Found
108575001
40648001
714687009
324607004>Not Found
413717007
108547003
327737007>Not Found
108547003
40589005
No VTM
96316004
108564000
109006003
321986007
71584004
73572009
No VTM
18037511000001105
12913411000001108
108441004
19225000
31865003
40589005
418316002
No VTM
38268001
386047000>Not Found
319124005>Not Found
108838001
7561000
333928006>Not Found
9820811000001105
96067005
36408311000001108
90332006
385570006
346628003
70379000
81609008
703680009>Not Found
30125007
3127006
No VTM
325238000
421692002
No VTM
35646311000001104
38268001
322056000>Not Found
411533003>Not Found
73133000
320921007>Not Found
16602005
321959007>Not Found
411533003>Not Found
No VTM
322237000>Not Found
333899005>Not Found
73572009
13929005
41193000
35646311000001104
30306003
91135008
82746003
430819007
323283001
108984007
374294006>Not Found
12913411000001108
108564000
134599008>Not Found
96304005
10504007
374296008>Not Found
No VTM
30306003
108507005
87285001
No VTM
325238000
324607004>Not Found
108402001
703906002
43684009
26800000
52108005
96304005
418277004
334018006>Not Found
No VTM
12369008
412556009
86647004
52388000
48546005
96309000
73572009
108402001
18037511000001105
418528006
30125007
No VTM
77731008
111137007
10504007
703906002
321452008>Not Found
54705000
418142007
11847009
30306003
40589005
108774000
22209011000001101
319284000>Not Found
38314008
356862006
87652004
111137007
1389007
87652004
703895009
7561000
319288002>Not Found
111137007
78507004
407033009
96221003
108507005
116076009
82746003
108547003
85343003
No VTM
30934611000001107
319291002>Not Found
408079001>Not Found
322440003>Not Found
322440003>Not Found
48174005
16742011000001108
No VTM
13929005
No VTM
703895009
26574002
63136007
108984007
415159003
321174005
414984009
7561000
325238000
16742011000001108
96305006
134599008>Not Found
414984009
108402001
96195007
108443001
7561000
319615002>Not Found
9944001
346628003
331080007>Not Found
36411811000001108
16791000
13816611000001101
108402001
322440003>Not Found
349819003
442539005
48546005
323283001
317317009
57752001
25673006
No VTM
25673006
354035004
322065007>Not Found
408041006
111137007
418142007
322284000>Not Found
325238000
319679003>Not Found
414984009
108441004
320031002>Not Found
89192008
96034006
13929005
30306003
13929005
81609008
318640004>Not Found
108547003
109081006
44990002
320697002>Not Found
418142007
48546005
52388000
85990009
No VTM
96067005
325238000
108575001
7561000
442539005
108666007
108777007
108441004
321970000>Not Found
356479009>Not Found
36409611000001107
406457005
41193000
56549003
80165005
108430001
108418007
52388000
27896111000001103
31865003
82746003
319288002>Not Found
1222004
82746003
39359008
71724000
82746003
No VTM
323539009>Not Found
85990009
No VTM
317317009
27658006
19225000
82746003
317331009
86647004
108507005
96221003
63136007
71724000
108652002
38268001
11847009
90332006
30306003
52108005
108507005
52108005
108441004
108402001
85354008
108652002
44990002
38314008
30125007
395300006
96062004
108986009
57191001
52388000
82746003
81609008
25673006
7947003
68887009
108441004
82746003
69708003
322056000>Not Found
36408311000001108
331285009>Not Found
1389007
108984007
108564000
52388000
82746003
31865003
416089000
82746003
36408311000001108
108652002
81609008
108507005
413717007
320778006>Not Found
134599008>Not Found
96305006
414984009
325238000
319288002>Not Found
91143003
108547003
346628003
90332006
414984009
19225000
703906002
16977003
82746003
81609008
108984007
No VTM
703895009
319304004
25246002
No VTM
322172006>Not Found
321986007
56549003
134599008>Not Found
81609008
325238000
7947003
No VTM
321986007
69236009
36411811000001108
134599008>Not Found
418142007
418528006
420624001
79129001
40589005
12369008
79129001
24645211000001107
No VTM
48174005
415159003
96305006
415159003
703804000
71584004
322440003>Not Found
317954006>Not Found
48546005
388452006
30306003
108666007
108430001
325238000
69708003
40648001
108575001
134599008>Not Found
73572009
13816611000001101
349819003
No VTM
323283001
86647004
703906002
48603004
108984007
108564000
418142007
39359008
419513000
7561000
109081006
714687009
407038000
40589005
412556009
96065002
322056000>Not Found
13297301000001101
52108005
321960002>Not Found
108564000
407031006
442539005
78507004
108984007
108986009
38268001
703906002
No VTM
36409611000001107
321959007>Not Found
406785006
406457005
81609008
90332006
395246009
427104004
96067005
412556009
418277004
322056000>Not Found
52388000
39463011000001107
73986003
108986009
108575001
327313009>Not Found
25673006
48174005
90332006
25673006
16742011000001108
96309000
319287007>Not Found
414984009
318640004>Not Found
424310002
13868211000001103
320139002>Not Found
29987611000001105
108564000
96067005
323510009>Not Found
23638511000001100
53640004
321986007
414984009
13868411000001104
319617005>Not Found
333928006>Not Found
19225000
349963006
424106006
418277004
418277004
421692002
70379000
407919006>Not Found
323283001
1222004
48603004
90332006
321986007
73572009
134599008>Not Found
40589005
714687009
415159003
39128000
320177008>Not Found
69708003
90332006
6247001
36408311000001108
39359008
325238000
82746003
No VTM
322284000>Not Found
108984007
108675009
48603004
420282006
108547003
31140011000001102
71724000
90332006
796001
230381000001108
55217007
34955711000001102
13929005
53640004
10196611000001105
86647004
109081006
109081006
38314008
333899005>Not Found
34855311000001107
91143003
323884001>Not Found
7561000
108430001
10504007
703895009
414984009
38268001
55745002
73572009
407031006
414984009
36408311000001108
108556006
52388000
108575001
319668008>Not Found
346628003
25673006
55745002
320029006>Not Found
108402001
322689004>Not Found
322237000>Not Found
81609008
27658006
108984007
96067005
412556009
73572009
111137007
30125007
30306003
714687009
421128005
63136007
411106009
412556009
53640004
108652002
109006003
36408111000001106
5797005
81609008
404833002
108575001
96309000
109129008
91143003
108984007
370187009
36408111000001106
87652004
319291002>Not Found
13929005
109081006
81609008
108441004
13868211000001103
322539003>Not Found
55217007
7336002
86647004
73572009
412554007
108556006
109081006
108943009
40589005
108666007
38268001
No VTM
34955711000001102
38268001
108443001
40589005
89192008
40589005
18037511000001105
11847009
79129001
57376006
714687009
11847009
38314008
91143003
25673006
386047000>Not Found
108605008
404833002
111137007
108943009
321174005
319304004
39339611000001101
323539009>Not Found
109081006
40589005
116726003
No VTM
12913411000001108
7947003
73572009
108386000
109081006
7561000
38268001
349819003
38268001
108430001
108430001
25673006
73572009
108441004
108402001
73572009
325238000
108564000
81609008
418277004
414984009
81609008
407031006
374296008>Not Found
134599008>Not Found
322539003>Not Found
329298009>Not Found
82746003
30306003
13568411000001103
108402001
7561000
325238000
424310002
96305006
22219111000001103
108605008
108547003
85990009
319799004>Not Found
418142007
108587008
18548003
30125007
73133000
420677006
319826005
96034006
82746003
13929005
13297301000001101
73572009
319304004
323283001
81609008
442539005
116076009
40589005
No VTM
388452006
53640004
18037511000001105
78449007
52388000
13297301000001101
322174007>Not Found
421128005
108986009
108986009
108984007
27638005
30125007
325238000
385570006
40589005
108575001
398699008
69708003
87395005
386047000>Not Found
412554007
108666007
323539009>Not Found
418277004
714687009
30010009
15238711000001100
96305006
35312611000001107
39463011000001107
108402001
73572009
No VTM
108432009
418142007
No VTM
25673006
25673006
25673006
58883005
No VTM
30125007
10504007
73572009
36408111000001106
No VTM
81609008
323510009>Not Found
108943009
108402001
415159003
109081006
No VTM
96077007
108986009
90332006
407031006
41193000
89192008
No VTM
18548003
40648001
108432009
79225003
116076009
No VTM
39463011000001107
111130009
13816611000001101
69708003
86647004
48603004
No VTM
13929005
52388000
108984007
134600006
400894004>Not Found
320697002>Not Found
108666007
116076009
108943009
109006003
321959007>Not Found
418277004
52108005
86647004
86647004
39463011000001107
No VTM
323563001>Not Found
323283001
48603004
319304004
90332006
414984009
318640004>Not Found
398699008
57191001
442539005
331018007>Not Found
38268001
108632003
319671000>Not Found
66493003
53640004
111165009
82746003
44798001
24645211000001107
13297301000001101
6102009
116076009
52388000
414984009
349819003
418277004
18548003
385570006
96087006
108418007
12236006
323465006>Not Found
54705000
325238000
108650005
13568411000001103
374294006>Not Found
374295007>Not Found
13868211000001103
108547003
108986009
45311002
52388000
42082003
323510009>Not Found
82746003
13868411000001104
108556006
65026000
323293008>Not Found
414984009
714687009
406785006
13929005
108943009
322055001>Not Found
35312611000001107
18037511000001105
48603004
73572009
108547003
108402001
108430001
108587008
319617005>Not Found
320346000>Not Found
79225003
13868211000001103
52108005
324607004>Not Found
30306003
703807007>Not Found
414984009
96183007
96034006
320031002>Not Found
409391006
108666007
108587008
19225000
442539005
44990002
No VTM
70379000
73986003
48546005
38268001
108650005
74674007
31363511000001101
25673006
322822007
442539005
86647004
134599008>Not Found
108443001
No VTM
326524001>Not Found
134599008>Not Found
407730002
68887009
319671000>Not Found
96305006
73572009
35312611000001107
356478001>Not Found
323539009>Not Found
96221003
25673006
96309000
73572009
87395005
81609008
73572009
321460009>Not Found
18037511000001105
73572009
90332006
406785006
16602005
325238000
406457005
319304004
48603004
89029005
108984007
414984009
No VTM
52388000
No VTM
90332006
81609008
71724000
96304005
108547003
No VTM
108652002
55745002
412556009
108418007
108441004
109081006
79225003
86647004
319304004
19225000
6247001
442539005
13929005
79129001
108650005
398699008
108443001
108418007
356478001>Not Found
1222004
414984009
108943009
19225000
398684008>Not Found
442539005
No VTM
38268001
703906002
323510009>Not Found
418528006
19523211000001102
16977003
386047000>Not Found
12369008
57191001
No VTM
317118006>Not Found
108666007
320177008>Not Found
71759000
319304004
52108005
36408111000001106
108984007
324606008>Not Found
52388000
374295007>Not Found
18037511000001105
349819003
1389007
96316004
395300006
108943009
86647004
7561000
No VTM
No VTM
418142007
108547003
57376006
108564000
108418007
322539003>Not Found
325238000
7561000
23662511000001107
331285009>Not Found
322539003>Not Found
25246002
90332006
7561000
30125007
322694004>Not Found
415159003
108984007
388452006
320177008>Not Found
418277004
414984009
417935005
108777007
108986009
108650005
703807007>Not Found
325238000
317331009
413717007
322440003>Not Found
400894004>Not Found
No VTM
109081006
321963000
25673006
398699008
325238000
108587008
108836002
108984007
108986009
73572009
7947003
326524001>Not Found
108575001
13929005
10504007
32792001
82573000
6247001
108809004
48546005
81609008
323539009>Not Found
No VTM
116523008
406785006
325238000
10504007
108547003
414984009
116523008
96304005
96309000
116076009
108984007
45311002
70379000
22209011000001101
52388000
415159003
82746003
40589005
414984009
703680009>Not Found
108441004
82746003
19225000
1389007
7561000
18037511000001105
134599008>Not Found
418142007
320697002>Not Found
356862006
108564000
108443001
407031006
319679003>Not Found
22219111000001103
388452006
No VTM
No VTM
71584004
No VTM
108585000
71584004
52108005
116726003
412556009
39128000
322440003>Not Found
5797005
12913411000001108
53640004
13929005
321174005
39359008
134599008>Not Found
108507005
73572009
108418007
36408111000001106
322539003>Not Found
82746003
116726003
415159003
412556009
No VTM
13297301000001101
81609008
111138002
58883005
108556006
22209011000001101
19225000
26800000
27658006
73572009
10756001
22209011000001101
13297301000001101
13297301000001101
57191001
73572009
45311002
52108005
322440003>Not Found
415159003
108497001
86647004
30125007
108777007
79225003
321861002>Not Found
82573000
57752001
96309000
36408111000001106
65026000
1222004
13292201000001107
No VTM
418277004
7561000
108507005
96221003
36408711000001107
12913411000001108
52388000
56549003
108564000
320177008>Not Found
320141001>Not Found
388452006
23662511000001107
26574002
53640004
704464003
52108005
96221003
90332006
321986007
82746003
52388000
317331009
96183007
323510009>Not Found
16602005
39128000
37061911000001106
321960002>Not Found
13929005
96278006
82573000
108551001
No VTM
108564000
395300006
39463011000001107
321734009>Not Found
32792001
42082003
320276009>Not Found
108497001
30125007
324568001>Not Found
48603004
418142007
108587008
13868211000001103
73572009
108402001
52388000
349819003
56549003
108675009
13297301000001101
230381000001108
81609008
73572009
25246002
418142007
418277004
36893000
69236009
13868211000001103
1389007
52388000
420624001
325238000
108943009
36409011000001100
415159003
109081006
108418007
27658006
407038000
36409011000001100
109081006
6247001
10504007
415159003
79225003
108402001
421128005
354035004
108402001
71584004
108655000
96062004
331018007>Not Found
321960002>Not Found
421128005
319291002>Not Found
96195007
108441004
326524001>Not Found
16742011000001108
323786005>Not Found
322093006>Not Found
327313009>Not Found
81609008
320031002>Not Found
No VTM
108984007
12913411000001108
27658006
320139002>Not Found
407730002
30306003
108443001
13868411000001104
69708003
116074007
320276009>Not Found
418142007
108556006
71584004
10504007
38268001
86647004
36408311000001108
320139002>Not Found
59941008
416110006>Not Found
81609008
108943009
413717007
25673006
408041006
10504007
108575001
9944001
411106009
53691001
12913411000001108
96087006
79129001
703924000>Not Found
53691001
703906002
325325006
73133000
25246002
317956008>Not Found
108430001
69708003
82746003
108418007
329325000
418277004
34186711000001102
90332006
386047000>Not Found
36408311000001108
416089000
407730002
23662511000001107
321960002>Not Found
703906002
108943009
108556006
10504007
108386000
73572009
108984007
No VTM
320171009>Not Found
52388000
109081006
418528006
96304005
704464003
108441004
69236009
48174005
12913411000001108
319617005>Not Found
321986007
10504007
134599008>Not Found
13297301000001101
No VTM
26664311000001101
No VTM
25673006
82746003
108443001
89192008
108556006
No VTM
116726003
58883005
415159003
796001
329325000
108432009
7561000
7561000
418142007
13929005
48603004
86647004
39128000
108986009
108418007
108984007
398699008
408041006
418528006
7561000
96034006
425483000
30010009
418142007
19225000
108666007
48546005
73572009
404833002
96067005
421128005
322440003>Not Found
57376006
96305006
38268001
19523211000001102
108441004
36409011000001100
319667003>Not Found
320139002>Not Found
96221003
16742011000001108
30306003
414984009
108430001
322056000>Not Found
108564000
108564000
108986009
73572009
96221003
56549003
86647004
52388000
108432009
320883008
418631002
96065002
326524001>Not Found
73572009
13868211000001103
36409611000001107
7561000
108418007
325238000
325238000
38268001
73133000
81609008
415159003
73572009
108402001
412556009
704317002>Not Found
413717007
23662511000001107
388452006
418631002
415159003
321959007>Not Found
320031002>Not Found
No VTM
40589005
108943009
13816311000001106
No VTM
108836002
82573000
71759000
19225000
96304005
406785006
111137007
25673006
31140011000001102
26800000
49802003
12913411000001108
89018006
108441004
96221003
108443001
322440003>Not Found
108402001
134599008>Not Found
44990002
No VTM
36409611000001107
27658006
6247001
13297301000001101
No VTM
108551001
415159003
10196611000001105
7561000
329195003
36409011000001100
415159003
52388000
323292003>Not Found
44990002
40589005
30427009
703895009
38268001
323510009>Not Found
No VTM
134599008>Not Found
13929005
350469004
87652004
39359008
386047000>Not Found
52388000
87652004
38268001
323283001
73572009
386047000>Not Found
111137007
53640004
325238000
321963000
25673006
108587008
414984009
323569002>Not Found
38268001
3334000
35312611000001107
421128005
52388000
325238000
111165009
44990002
385570006
116545009
No VTM
111137007
96195007
327531006>Not Found
12913411000001108
108965009
82573000
406457005
329247003>Not Found
79129001
79225003
108497001
19523211000001102
320141001>Not Found
16602005
No VTM
108507005
No VTM
No VTM
No VTM
386047000>Not Found
796001
52388000
96221003
323291005>Not Found
21094411000001101
40648001
18037511000001105
108575001
No VTM
108402001
418142007
96221003
71584004
35312611000001107
108379008
69236009
108556006
323539009>Not Found
83999008
89029005
108984007
134599008>Not Found
48603004
108564000
96183007
395300006
418142007
82746003
109081006
30730111000001104
38268001
38314008
108547003
13297301000001101
13298001000001103
320151000>Not Found
108418007
71759000
89018006
87652004
31140011000001102
44990002
69708003
134599008>Not Found
26800000
13868211000001103
53691001
7947003
317331009
96305006
No VTM
325238000
354044003>Not Found
26800000
111137007
108587008
96231005
96309000
108984007
321963000
134599008>Not Found
81609008
320030001>Not Found
90332006
58883005
81609008
96221003
30125007
55745002
109081006
18037511000001105
319304004
317954006>Not Found
34855311000001107
13297301000001101
322056000>Not Found
91135008
322174007>Not Found
26800000
19841008
321460009>Not Found
116076009
13868411000001104
108564000
418277004
55867006
323283001
331018007>Not Found
48546005
69708003
108650005
322174007>Not Found
414984009
321959007>Not Found
108443001
321460009>Not Found
108564000
12913411000001108
40648001
442539005
53640004
73572009
414984009
30306003
73572009
48546005
No VTM
30125007
85990009
109081006
325238000
108402001
319136004>Not Found
89029005
388452006
40589005
418277004
108441004
16599811000001100
13929005
321986007
108652002
108564000
12913411000001108
108984007
90332006
108986009
414538008>Not Found
18548003
7947003
418277004
408041006
85990009
89192008
108984007
319287007>Not Found
13816611000001101
424535007
48603004
38314008
108564000
52388000
73572009
81609008
442539005
134599008>Not Found
6247001
319668008>Not Found
346628003
90332006
9820811000001105
No VTM
85343003
325238000
108441004
108585000
19225000
108441004
317317009
81609008
39463011000001107
No VTM
73572009
318407001>Not Found
108441004
424106006
108666007
89018006
39330711000001103
36409611000001107
108650005
86647004
No VTM
73572009
29896003
108965009
79129001
78507004
320171009>Not Found
329325000
108547003
73572009
109006003
55217007
418316002
10504007
No VTM
69708003
111138002
39339611000001101
108575001
415159003
No VTM
10504007
25246002
111138002
90332006
58883005
19225000
52388000
36409011000001100
7947003
108943009
134599008>Not Found
68887009
23638511000001100
421128005
No VTM
108984007
12369008
320697002>Not Found
81609008
60468008
81609008
32792001
108443001
48603004
26800000
83999008
16602005
134599008>Not Found
406785006
108402001
96221003
326524001>Not Found
13868211000001103
No VTM
39330711000001103
426249000
319136004>Not Found
325238000
52108005
321986007
108632003
108605008
108986009
7947003
81609008
108418007
83490000
109081006
35646311000001104
13297301000001101
19225000
331080007>Not Found
26800000
66493003
18037511000001105
108443001
116523008
86647004
108441004
108777007
108430001
395246009
16742011000001108
48546005
38268001
134599008>Not Found
96034006
398905005>Not Found
87652004
326524001>Not Found
108984007
346501001
411106009
108984007
425483000
108443001
89192008
19225000
412556009
108774000
90332006
108547003
325238000
No VTM
108564000
No VTM
347666005>Not Found
108443001
108507005
86647004
73572009
81609008
108984007
320347009>Not Found
36408311000001108
86647004
19523211000001102
321960002>Not Found
10504007
No VTM
418277004
No VTM
319124005>Not Found
57376006
108547003
108386000
10756001
108556006
317317009
321976006>Not Found
No VTM
108564000
32792001
108650005
134599008>Not Found
108386000
108652002
323510009>Not Found
5797005
346628003
108984007
374296008>Not Found
320177008>Not Found
108564000
7561000
230381000001108
30306003
19523211000001102
27658006
96067005
13929005
325238000
108666007
16742011000001108
108943009
108650005
108766001
96304005
323510009>Not Found
7561000
96309000
13816611000001101
48174005
327531006>Not Found
386047000>Not Found
73572009
333854002>Not Found
108836002
108564000
90332006
325238000
96087006
414984009
322237000>Not Found
12913411000001108
34855311000001107
13868211000001103
77731008
108402001
324607004>Not Found
714687009
108836002
108965009
108984007
796001
418142007
69236009
16602005
81609008
412556009
108650005
415159003
108564000
317331009
90332006
82746003
85343003
84812008
703806003>Not Found
25673006
108430001
13297301000001101
18548003
321986007
30306003
329686007>Not Found
90332006
71759000
320030001>Not Found
319283006>Not Found
1222004
96087006
No VTM
No VTM
39339611000001101
111137007
108547003
89018006
346628003
85343003
324740003>Not Found
108547003
54705000
81609008
346605004
317331009
134599008>Not Found
96067005
13297301000001101
30306003
48174005
No VTM
418277004
85343003
324568001>Not Found
12236006
No VTM
No VTM
24645211000001107
321460009>Not Found
89018006
91143003
89018006
331147002>Not Found
321986007
407031006
108402001
319304004
54705000
326524001>Not Found
No VTM
16977003
30010009
416089000
13868211000001103
73572009
323510009>Not Found
No VTM
356862006
325325006
52388000
6102009
331080007>Not Found
57752001
319667003>Not Found
111137007
57376006
30125007
25246002
116523008
406785006
71724000
108441004
796001
108943009
108766001
82573000
1528001
386142008
7561000
322440003>Not Found
108564000
96195007
108564000
411106009
48546005
108666007
7561000
48546005
322689004>Not Found
108575001
108441004
421692002
13816611000001101
26800000
16602005
9944001
703924000>Not Found
No VTM
96301002
108547003
25673006
418528006
320275008>Not Found
No VTM
87652004
356862006
40648001
68887009
No VTM
85354008
81609008
71724000
73133000
354033006
25673006
319287007>Not Found
325238000
108575001
116076009
No VTM
324633007>Not Found
48546005
322440003>Not Found
134599008>Not Found
109081006
108443001
25673006
323740008>Not Found
703906002
108386000
96062004
19841008
82746003
108507005
48546005
No VTM
No VTM
13297301000001101
322440003>Not Found
413717007
796001
36409011000001100
134599008>Not Found
322284000>Not Found
96304005
1222004
325238000
13929005
96309000
52388000
40589005
421311002
70379000
No VTM
25673006
52388000
418277004
10049011000001109
322539003>Not Found
48546005
83490000
407038000
52388000
82573000
108986009
29896003
126212009
86647004
414984009
414984009
407031006
417935005
412556009
1389007
108497001
71584004
71584004
322440003>Not Found
96221003
418142007
108441004
108984007
13294301000001106
16977003
386047000>Not Found
319799004>Not Found
134489001>Not Found
48546005
69708003
109081006
No VTM
96236000
108547003
703807007>Not Found
7561000
320139002>Not Found
796001
323465006>Not Found
96309000
No VTM
77731008
7561000
13929005
108564000
53640004
108575001
109081006
116074007
322440003>Not Found
